
power = 2094.41260871615
throughput = 10524.98
composite = 4695.06664686299
